3
3
3
3
3
3
3
3
3
3
3
3
3
3
3
3
3
3
3
3
3
3
3
3
3
3
3
3
3
3303
3
3
3
3
3
3
3
3
3
3
3
3
3
3
3
3
3
3
3
3
3
3303
3
44560
44561
44561
3303
44561
3
3
3
44561
44561
43869
3
3
2375
46187
44561
3
44561
3
44560
2375
44560
3
44560
3
3303
3
44560
3
3
3
44561
44561
3
3303
44561
44560
2375
3
44560
3
3303
3
3
3
46771
46187
3
44561
3
3303
3
44560
3
44561
44561
3
43869
2375
3
3
3
3
3303
44561
44560
3
3
3
44560
46187
2375
3
1500
3
3
3303
3
46187
44561
3303
44561
3
3
44561
3303
3303
3303
3
3
3303
3
2375
3
3303
3
3
3
3
3
3
1
46187
46187
3
3
3
3303
43309
3
44561
44441
3303
3
3
46187
46187
3
3
3
1500
3
3
3303
44561
3
3303
44561
2375
46187
3
3303
2375
46187
3
3
43869
46187
3303
43869
3
43869
44561
46187
44560
3
44560
44561
3303
3303
46187
3
46187
44561
3303
3
3
44561
3
44561
3
44561
44561
44561
44560
46187
3
3
3
44561
44561
3303
3
44561
3
46187
3
3
3
46187
44343
3303
3
3
44561
44561
46187
3303
3
3303
44561
3303
46187
3
44561
3
3
46187
3
3
3
44560
46187
44561
46187
3
44561
44560
3
3
3
44561
44561
3
44561
3
44561
3
2379
44561
3
3
3303
3
3303
3
3
44561
3
3
44561
3
3
3303
44561
2375
3
3
3
3
44561
3
44561
3
3
3
3
3
44560
3
46771
3
44561
3
3303
3
3
3
3
3
3
46187
3303
3
3303
3303
3
3
3
3
2805
3303
44561
3
3303
3303
3
3
44561
43869
44561
3
3
3
3
3303
3
44561
2375
44561
44561
3303
3303
3
3
44561
3
3
3
3
3
44561
3303
3
44561
3
3
3303
46771
3
3
3
44560
44561
3
3
3
3
3
3
44560
44561
46187
3
3
3
44560
3303
44561
3
3303
3
3
3
3
3303
3
3
3
3
44560
3
3
3
46079
3
3303
3
3
3
3
46187
3
44561
3
3
3
46187
44561
3
2375
46187
3
3
44561
3
3
3
46187
3
3303
3
3
3
46187
3
3
3
44057
3
3
3
3
3
44560
3
43869
3
2379
44560
46187
2375
3
43869
2375
3
3303
3
3303
3
44561
44560
46771
44560
3
44561
44561
3
3
44561
46187
44561
44561
3
44561
44561
3
46771
3303
46187
3
3
3
3
3303
3
3
44561
3
2379
44560
3
3
44561
3303
3
3
46187
44561
3
3
2379
3
44561
3
3
3
2375
3
3
3
44561
3
3
2375
46187
1
3303
3
3
46187
3
3303
46187
3
3303
46187
3
44561
3
44561
3303
44560
46187
3
44561
3
46187
44561
44561
3303
44160
43869
3303
43869
3
44561
46187
3
46771
3
3
3
3
3
3
44561
3
3
3
3303
44330
3
44560
3303
3
3
44561
3
44561
3
3
46187
3303
3
3
44561
44006
3
3
3
3
44560
3
3
3303
3
3
3303
44561
44561
3
3
43869
3
3
3
46187
44561
3
3
2375
46259
44560
3
3303
3
3
44561
46187
3
3
3303
3
3
3
46187
43309
3
44560
44561
3
3
44561
3
44560
3
3
3303
3
3
3
3
3303
3
46187
3
44561
44561
43869
3
46187
44560
46187
3
46187
3303
3
46187
3
3
3
2375
44561
3303
3
44561
3303
3
3
3303
3
3303
3
3
3303
3
3
3303
3
46187
3303
3
3
3
3
44561
3
44560
3
3
3
3
3
3
3
3303
43869
3
3
44561
2375
46187
2375
3
3
46187
44560
3
3
3
3
3
44561
3303
3
46187
2375
3
44561
3
1
3
3
46187
3
3
44561
46187
3303
3
3
3
3
3
3
3
3
3
3
3
44561
3
46187
44561
44561
46771
3
44561
3
3303
2375
44560
3
43869
43279
2375
44560
3
3
3
3
3
2375
3
3
44560
3
44561
3
3
3
3303
3
3
44561
3
3
3
3
44561
3303
3
3
3
44561
2375
3
46187
3
43869
3
44561
3303
46187
3303
3
44561
3303
3
3
3
3
3
44560
3
3
3
44004
3303
3
3303
46187
3
3303
44561
3
3
3
3
3
44561
3
3303
46187
44561
3303
3
3
46187
43279
3
44561
3
3
1500
3
3
3
3
3
3303
44561
44560
3
3
3
3303
3
3
3303
3
3
3303
3
3
3
3
3
3
3
2375
46187
3
3
46187
3
2379
3
43869
3
46187
46187
3
3
46187
44561
3
3
46187
3
44561
3
3303
44560
3
44560
44561
3
3
46771
3
3303
3
3
44561
3
3303
3303
46187
46187
3
44560
3
3
3
3
3
44561
3
3
3
3
3
45948
3
3303
3
3303
43869
3
3
3
2805
3
46187
3
3
44560
46187
3
44561
3303
46187
3
3
3
3
3303
3
3303
3
3
3
46187
46187
3
44561
3
44560
3
3
3303
3
46187
3303
2379
3
44561
44561
3
3
3303
46187
44561
3
44561
3
46187
