3
3
3
3
3
3
3
3
3
3
3
3
3
3
3
3
3
3
3
3
3
3
3
3
3
3
3
3
3
3
3
3
1
3
3
3
3
3
3
3
3
3
3303
3
3
3
3
3
3
3
46187
46187
3
3
3
3
3
2375
44560
3
3303
3
3
3303
3
3
46187
3
44561
44561
46187
44561
3
3
44561
43869
3303
3
43869
3303
46187
3
46187
3303
46187
3
44561
3303
46187
3
46187
3303
46187
2375
3
44561
46187
44561
46187
2375
44560
43869
46187
46187
46187
3
46187
3303
3
3303
1500
3
3303
2379
3
44561
3
3
46187
3
2375
46771
44561
3303
3303
3
3
3
46187
44561
44560
3303
3
3
3
3
44561
3
3303
43869
3
3
3303
3303
3
3
3
44561
3
3
3
3
46449
44561
3
3
3
2379
3303
3
2375
44561
3
3
44343
3
3
46187
3
3
3
46187
3303
3
3
3
3
44560
3
44006
3
3
3
3
3
3303
43869
3303
3
3
46187
3
3303
44561
3
3
44330
3
44561
2375
3
3
3
3303
3
3
3
3
3
46187
44135
3
3303
3
3
43869
44561
3
46187
3303
3
44561
44561
46449
3303
3303
44560
3
3
3303
2375
44560
44561
3
3
3
46187
44561
46187
3
44560
43869
3
3
2375
3
44560
3
44561
46187
46187
3
3303
3
3
3
3
3
44560
44561
43869
3
3
3
3303
3
2375
3
3
3
3
44561
3303
46187
3
46187
3
3
44561
3
3
44561
3
2375
3
2375
46187
46187
44561
44561
3
3
44561
3
3
2379
3
44561
2379
1500
44330
44560
3
3
3
3
3
44560
46187
3
3
46187
3303
3
3303
2375
3
3
3
3
3
3
3
2375
3
44560
44561
3
3303
3
3
3
46771
3
43279
3303
3
3
3
3
3
44560
3
3
3303
3
3
44561
3
2379
44561
3
3303
44561
3
44561
3
3
3303
43869
2375
3
3
3
44561
3303
46187
3
3
44561
3
46187
3
44560
2379
2375
3
3303
3
44560
3
3
3
2375
3
3
3
44561
3
44330
3
44561
44561
3
2375
46187
3
3303
3
46187
3
3
3303
3
2375
3
3
3303
3
44560
3
44561
3
3
46187
44561
3
46187
3
3
44561
2375
3
3303
3
3
44561
44560
43869
3
3
3
3
44561
43869
3
44560
3303
3
3
46187
2375
3
3
3303
46187
3303
3
3303
3303
3
43869
3
44561
3303
3
3
3
3
3
46187
3303
3
3
2375
3303
3303
3
3
46187
3
3
3303
3
44561
2375
3
3303
3
3
46187
3303
44561
3303
3
43869
3
3
46187
3
3
3
3
3303
3
44560
3
46187
3
3
44561
3303
3
43869
3
46187
3
3
44343
3303
3
3303
44561
3
3
3303
3
44560
3303
44561
3
3
3303
2375
46771
3
3
3
43869
3
3
3303
3
3
3
3
46187
44561
3303
3
44135
3
46259
3303
3
3303
3303
3
1500
3
44561
3
46187
3
44561
3
2375
3
3
3303
3
44560
3
46259
3
46187
44343
3
43869
3303
3
46187
3303
3
3
43868
3
3
46187
3
3303
3
46187
3
3
3303
3
3
3
3303
3
3
3303
46187
3
3
3
3303
2375
3
3
3
3
3
43279
3
46187
44057
3
3
3
3
3
3
3
3
3
3
3
44560
46187
3
3
3
3
3
3
3
46187
3303
3
46187
3
3
3303
43280
3
3
2375
3
3
43279
3
3
3
3
3
3
3
3
3
3303
46187
46187
3
3
44560
3
3
3
44561
3303
3
43869
44561
3
46187
3
3
3
44561
3
3
3
3
3
3
3
3
46187
3
44560
3303
3
3303
3
43869
44561
3303
3303
3
3303
3303
3
3
3
2375
3
3303
