44561
44561
3
3
3
3
3
3
44561
44561
3
44560
3
44561
44561
44561
44561
44561
3
2379
3
3
3
3
3
44561
3
3
44561
44560
3
44561
44561
44561
3
3
3
3
44560
3
3
3
3
3
3
44561
44561
3
44560
44560
3
3
44561
44561
44560
3
44561
3
44561
46187
44560
1500
44561
3303
44561
3
44560
3
44561
3
3
3
44183
44560
1500
44561
44560
44561
44561
44561
44561
44561
44560
44561
3
3
44561
3
44560
44561
44561
3
1500
3
3
3
44561
44560
44561
44561
1500
3
1500
44561
3
44561
44560
3
44561
3
3
44561
44560
44561
44561
3
3
44560
3
3
3
3
3303
44560
44560
3
44560
3
44561
3
44560
44561
3
3
44561
44561
44561
3
3
44560
44561
44560
44561
44561
3
44560
3
3
44560
3
3
44560
44560
3
3
3
44560
44561
3
3
44561
44560
3
44560
3
44561
3
3
44561
3
3
3
44560
3
3
44560
3
