
code	|	taxid	|	taxname	|	lineage
1	|	4153	|	Craterostigma plantagineum	|	4153 4152 156201 4143 91888 71274 1437201 91827 71240 1437183 3398 58024 78536 58023 3193 131221 35493 33090 2759 131567 
1	|	43243	|	unidentified phycodnavirus clone OTU3	|	43243 181087 10501 2732524 2732523 2732007 2732005 2732004 10239 
1	|	44443	|	Ochromonas sp. CCMP584	|	44443 2635268 2985 98651 96792 2825 2696291 33634 2698737 2759 131567 
1	|	43805	|	Aphroteniinae	|	43805 7149 41828 43786 7148 7147 33392 33340 7496 85512 50557 6960 197562 197563 6656 88770 1206794 33317 33213 6072 33208 33154 2759 131567 
1	|	46187	|	Streptosporangium longisporum	|	46187 2000 2004 85012 1760 201174 1783272 2 131567 
1	|	43855	|	Cyrtocarpa	|	43855 4011 41937 91836 71275 1437201 91827 71240 1437183 3398 58024 78536 58023 3193 131221 35493 33090 2759 131567 
1	|	1385	|	Bacillales	|	1385 91061 1239 1783272 2 131567 
4	|	25158
1	|	44221	|	Pseudomonocelis	|	44221 44215 39226 166126 147100 6157 1206795 2697495 33317 33213 6072 33208 33154 2759 131567 
1	|	50046	|	Geochelone	|	50046 8487 8486 1579337 8464 8459 2841271 1329799 32561 8457 32524 32523 1338369 8287 117571 117570 7776 7742 89593 7711 33511 33213 6072 33208 33154 2759 131567 
1	|	43309	|	Cerorhinca	|	43309 28683 8906 8825 8782 436492 436491 436489 436486 8492 1329799 32561 8457 32524 32523 1338369 8287 117571 117570 7776 7742 89593 7711 33511 33213 6072 33208 33154 2759 131567 
1	|	46108	|	Suaeda	|	46108 1804622 1804623 3524 1437201 91827 71240 1437183 3398 58024 78536 58023 3193 131221 35493 33090 2759 131567 
1	|	45301	|	Lewia	|	45301 28556 715340 92860 451868 147541 715962 716546 147538 716545 4890 451864 4751 33154 2759 131567 
1	|	43864	|	Buchanania latifolia	|	43864 43863 4011 41937 91836 71275 1437201 91827 71240 1437183 3398 58024 78536 58023 3193 131221 35493 33090 2759 131567 
1	|	46099	|	Grayia	|	46099 1307774 1307796 1804623 3524 1437201 91827 71240 1437183 3398 58024 78536 58023 3193 131221 35493 33090 2759 131567 
1	|	46259	|	Morone chrysops	|	46259 34815 42148 1489923 1489922 1489872 123369 123368 123367 123366 123365 1489388 186625 1489341 32443 41665 186623 7898 117571 117570 7776 7742 89593 7711 33511 33213 6072 33208 33154 2759 131567 
1	|	43397	|	Goniglossum	|	43397 43900 43867 7211 43752 43741 43738 480117 480118 43733 7203 7147 33392 33340 7496 85512 50557 6960 197562 197563 6656 88770 1206794 33317 33213 6072 33208 33154 2759 131567 
1	|	46067	|	Boschniakia	|	46067 216770 91896 4143 91888 71274 1437201 91827 71240 1437183 3398 58024 78536 58023 3193 131221 35493 33090 2759 131567 
1	|	43376	|	Parastenopa limata	|	43376 43375 46890 43899 43867 7211 43752 43741 43738 480117 480118 43733 7203 7147 33392 33340 7496 85512 50557 6960 197562 197563 6656 88770 1206794 33317 33213 6072 33208 33154 2759 131567 
1	|	44560	|	Ageratum yellow vein virus	|	44560 10814 10811 2732539 2732424 2732416 2732092 2731342 10239 
1	|	46740	|	Hydnophora rigida	|	46740 46739 46736 123760 6125 6102 6101 6073 6072 33208 33154 2759 131567 
1	|	44636	|	Dingleya verrucosa	|	44636 44635 40289 5185 147549 147538 716545 4890 451864 4751 33154 2759 131567 
4	|	44046
1	|	43177	|	Bourreria succulenta	|	43177 43176 1561073 1538097 91888 71274 1437201 91827 71240 1437183 3398 58024 78536 58023 3193 131221 35493 33090 2759 131567 
1	|	44183	|	Paragorgia	|	44183 44185 3028851 6132 6101 6073 6072 33208 33154 2759 131567 
1	|	45881	|	Henneguya doori	|	45881 35590 35587 109802 35583 35582 35581 6073 6072 33208 33154 2759 131567 
1	|	44562	|	Pothos latent virus	|	44562 3048286 186457 2560077 39738 2732548 2732463 2732406 2732396 2559587 10239 
1	|	46090	|	Atriplex calotheca	|	46090 3550 1307774 1307796 1804623 3524 1437201 91827 71240 1437183 3398 58024 78536 58023 3193 131221 35493 33090 2759 131567 
4	|	50081
3	|	1
1	|	44451	|	Vacuolaria virescens	|	44451 44450 658123 658125 38410 2696291 33634 2698737 2759 131567 
1	|	46841	|	Leopardus	|	46841 338152 9681 379583 33554 314145 1437010 9347 32525 40674 32524 32523 1338369 8287 117571 117570 7776 7742 89593 7711 33511 33213 6072 33208 33154 2759 131567 
1	|	45125	|	Sycettidae	|	45125 86011 45124 27929 6040 33208 33154 2759 131567 
2	|	46229	|	Blautia obeum	|	40520 572511 186803 186802 186801 1239 1783272 2 131567 
1	|	44003	|	fuscimana group	|	44003 7292 1861795 43845 7214 43746 43741 43738 480117 480118 43733 7203 7147 33392 33340 7496 85512 50557 6960 197562 197563 6656 88770 1206794 33317 33213 6072 33208 33154 2759 131567 
1	|	45409	|	Feline immunodeficiency virus (isolate wo)	|	45409 11673 11646 327045 11632 2169561 2732514 2732409 2732397 2559587 10239 
1	|	45915	|	Bryanthus	|	45915 931505 217035 4345 41945 71274 1437201 91827 71240 1437183 3398 58024 78536 58023 3193 131221 35493 33090 2759 131567 
1	|	45242	|	Capnocytophaga granulosa	|	45242 1016 49546 200644 117743 976 68336 1783270 2 131567 
1	|	43869	|	Commiphora habessinica	|	43869 43868 4014 41937 91836 71275 1437201 91827 71240 1437183 3398 58024 78536 58023 3193 131221 35493 33090 2759 131567 
1	|	46179	|	Nonomuraea roseola	|	46179 83681 2004 85012 1760 201174 1783272 2 131567 
4	|	50070
1	|	25613	|	Taiwania	|	25613 3367 1446379 2821351 3313 58019 1437180 58024 78536 58023 3193 131221 35493 33090 2759 131567 
3	|	46071
4	|	25776
1	|	44160	|	Niallia circulans subsp. alkalophilus	|	44160 1397 2837506 186817 1385 91061 1239 1783272 2 131567 
1	|	46224	|	Heyndrickxia sporothermodurans	|	46224 2837504 186817 1385 91061 1239 1783272 2 131567 
1	|	46634	|	Aureobasidium melanogenum	|	46634 5579 1570301 5014 451867 147541 715962 716546 147538 716545 4890 451864 4751 33154 2759 131567 
4	|	25156
4	|	1500
1	|	44561	|	Murine type C retrovirus	|	44561 368797 11786 153135 327045 11632 2169561 2732514 2732409 2732397 2559587 10239 
1	|	43295	|	Scotolemon	|	43295 43292 101155 3053344 43288 101165 43271 6854 6843 6656 88770 1206794 33317 33213 6072 33208 33154 2759 131567 
2	|	46698	|	Duncanopsammia peltata	|	2971088 1479652 44299 123767 6125 6102 6101 6073 6072 33208 33154 2759 131567 
1	|	3560	|	Oxybasis rubra	|	3560 1307780 1307774 1307796 1804623 3524 1437201 91827 71240 1437183 3398 58024 78536 58023 3193 131221 35493 33090 2759 131567 
4	|	2379
4	|	25536
1	|	45873	|	unidentified oil field bacterium DVIB16	|	45873 34033 28221 68525 2 131567 
1	|	3718	|	Capsella	|	3718 980083 3700 3699 91836 71275 1437201 91827 71240 1437183 3398 58024 78536 58023 3193 131221 35493 33090 2759 131567 
1	|	44057	|	Aureoumbra	|	44057 54409 35675 2696291 33634 2698737 2759 131567 
1	|	45950	|	Dreissenidae	|	45950 105711 278205 2908833 2785015 735337 6599 2785011 6544 6447 1206795 2697495 33317 33213 6072 33208 33154 2759 131567 
1	|	46771	|	Simian virus 12	|	46771 1723728 151341 2732532 2732421 2732415 2732092 2731342 10239 
1	|	44394	|	Zonotrichia albicollis	|	44394 44387 1729112 9126 8825 8782 436492 436491 436489 436486 8492 1329799 32561 8457 32524 32523 1338369 8287 117571 117570 7776 7742 89593 7711 33511 33213 6072 33208 33154 2759 131567 
1	|	44440	|	Chattonella subsalsa	|	44440 44439 658124 658125 38410 2696291 33634 2698737 2759 131567 
1	|	2761	|	Cyanophora	|	2761 33678 38254 2759 131567 
1	|	43809	|	Podonominae	|	43809 7149 41828 43786 7148 7147 33392 33340 7496 85512 50557 6960 197562 197563 6656 88770 1206794 33317 33213 6072 33208 33154 2759 131567 
1	|	46018	|	Echovirus E7	|	46018 138949 12059 2946630 12058 464095 2732506 2732408 2732396 2559587 10239 
1	|	44330	|	Lysianassoidea	|	44330 2692351 2692343 2692238 6821 6820 72041 6681 2172821 6657 197562 197563 6656 88770 1206794 33317 33213 6072 33208 33154 2759 131567 
1	|	43298	|	Gnidia	|	43298 43297 101155 3053344 43288 101165 43271 6854 6843 6656 88770 1206794 33317 33213 6072 33208 33154 2759 131567 
1	|	44145	|	Leiocephalus barahonensis	|	44145 38931 42424 8515 8511 1329911 1329912 1329950 1329961 8509 8504 32561 8457 32524 32523 1338369 8287 117571 117570 7776 7742 89593 7711 33511 33213 6072 33208 33154 2759 131567 
1	|	47089	|	Astragalus bodinii	|	47089 20400 163728 2233839 2233838 2231382 2231393 3814 3803 72025 91835 71275 1437201 91827 71240 1437183 3398 58024 78536 58023 3193 131221 35493 33090 2759 131567 
1	|	43200	|	Launaea nudicaulis	|	43200 43198 745063 219121 219120 4210 4209 91882 71274 1437201 91827 71240 1437183 3398 58024 78536 58023 3193 131221 35493 33090 2759 131567 
1	|	46118	|	Corrigiola litoralis	|	46118 46117 1141487 3568 3524 1437201 91827 71240 1437183 3398 58024 78536 58023 3193 131221 35493 33090 2759 131567 
1	|	46400	|	Mackinlaya	|	46400 235261 4037 364270 4036 91882 71274 1437201 91827 71240 1437183 3398 58024 78536 58023 3193 131221 35493 33090 2759 131567 
2	|	8771	|	Protobothrops elegans	|	88086 103943 8710 8689 34989 8570 1329911 1329912 1329950 1329961 8509 8504 32561 8457 32524 32523 1338369 8287 117571 117570 7776 7742 89593 7711 33511 33213 6072 33208 33154 2759 131567 
1	|	46796	|	Drosophila disjuncta	|	46796 32378 48302 48301 48384 504493 7215 46877 43845 7214 43746 43741 43738 480117 480118 43733 7203 7147 33392 33340 7496 85512 50557 6960 197562 197563 6656 88770 1206794 33317 33213 6072 33208 33154 2759 131567 
1	|	2808	|	Gelidiaceae	|	2808 31399 2045261 2806 2763 2759 131567 
4	|	25765
1	|	44454	|	Mycobacterium avium subsp. avium	|	44454 1764 120793 1763 1762 85007 1760 201174 1783272 2 131567 
1	|	46603	|	Orbiniidae	|	46603 105387 105389 6341 6340 1206795 2697495 33317 33213 6072 33208 33154 2759 131567 
1	|	44170	|	Stichopathes	|	44170 44169 44168 6102 6101 6073 6072 33208 33154 2759 131567 
1	|	45056	|	Legionella adelaidensis	|	45056 445 444 118969 1236 1224 2 131567 
1	|	46073	|	Buchnera	|	46073 216769 91896 4143 91888 71274 1437201 91827 71240 1437183 3398 58024 78536 58023 3193 131221 35493 33090 2759 131567 
4	|	1480
1	|	45012	|	unidentified algae B0m4	|	45012 77632 3042 2812636 3166 2692248 3041 33090 2759 131567 
4	|	25772
4	|	3
2	|	44178	|	Malacalcyonacea	|	3028843 6132 6101 6073 6072 33208 33154 2759 131567 
1	|	1413	|	Evansella cellulosilytica	|	1413 2837485 186817 1385 91061 1239 1783272 2 131567 
1	|	9784	|	Loxodonta	|	9784 9780 9779 311790 9347 32525 40674 32524 32523 1338369 8287 117571 117570 7776 7742 89593 7711 33511 33213 6072 33208 33154 2759 131567 
1	|	44130	|	rhinovirus B3	|	44130 147712 12059 2946630 12058 464095 2732506 2732408 2732396 2559587 10239 
1	|	45011	|	unidentified algae B0m3	|	45011 77632 3042 2812636 3166 2692248 3041 33090 2759 131567 
1	|	44884	|	unidentified soil organism R6-109	|	44884 44770 151659 12908 2787823 
1	|	8849	|	Anser caerulescens	|	8849 8842 2068722 8830 8826 1549675 8825 8782 436492 436491 436489 436486 8492 1329799 32561 8457 32524 32523 1338369 8287 117571 117570 7776 7742 89593 7711 33511 33213 6072 33208 33154 2759 131567 
1	|	46737	|	Merulina	|	46737 46736 123760 6125 6102 6101 6073 6072 33208 33154 2759 131567 
1	|	2558	|	Plasmid pHG1	|	2558 36549 28384 2787854 
1	|	50041	|	Bracteacoccus aerius	|	50041 50036 1284389 35491 2812636 3166 2692248 3041 33090 2759 131567 
1	|	46050	|	Harveya purpurea	|	46050 46047 216769 91896 4143 91888 71274 1437201 91827 71240 1437183 3398 58024 78536 58023 3193 131221 35493 33090 2759 131567 
2	|	43870	|	Ceratitidini	|	164862 164860 7211 43752 43741 43738 480117 480118 43733 7203 7147 33392 33340 7496 85512 50557 6960 197562 197563 6656 88770 1206794 33317 33213 6072 33208 33154 2759 131567 
1	|	45140	|	Curreya pityophila	|	45140 221677 221670 715340 92860 451868 147541 715962 716546 147538 716545 4890 451864 4751 33154 2759 131567 
1	|	2375	|	Sporomusa	|	2375 1843490 909929 909932 1239 1783272 2 131567 
1	|	46037	|	Castilleja linariifolia	|	46037 46036 1336288 1325730 91896 4143 91888 71274 1437201 91827 71240 1437183 3398 58024 78536 58023 3193 131221 35493 33090 2759 131567 
1	|	46047	|	Harveya	|	46047 216769 91896 4143 91888 71274 1437201 91827 71240 1437183 3398 58024 78536 58023 3193 131221 35493 33090 2759 131567 
1	|	9782	|	Elephas	|	9782 9780 9779 311790 9347 32525 40674 32524 32523 1338369 8287 117571 117570 7776 7742 89593 7711 33511 33213 6072 33208 33154 2759 131567 
1	|	43868	|	Commiphora	|	43868 4014 41937 91836 71275 1437201 91827 71240 1437183 3398 58024 78536 58023 3193 131221 35493 33090 2759 131567 
3	|	44856
2	|	26015	|	Santalaceae	|	3958 41947 1437201 91827 71240 1437183 3398 58024 78536 58023 3193 131221 35493 33090 2759 131567 
1	|	46833	|	Drosophila spectabilis	|	46833 32377 48299 48384 504493 7215 46877 43845 7214 43746 43741 43738 480117 480118 43733 7203 7147 33392 33340 7496 85512 50557 6960 197562 197563 6656 88770 1206794 33317 33213 6072 33208 33154 2759 131567 
2	|	44153	|	Merismopedia	|	53402 1890428 1890424 3028117 1117 1798711 1783272 2 131567 
1	|	46454	|	Strongylogaster	|	46454 112285 27532 85772 7399 33392 33340 7496 85512 50557 6960 197562 197563 6656 88770 1206794 33317 33213 6072 33208 33154 2759 131567 
2	|	44444	|	Ochromonas sp. CCMP1278	|	420555 2635268 2985 98651 96792 2825 2696291 33634 2698737 2759 131567 
1	|	50047	|	Chelonoidis carbonarius	|	50047 904181 8487 8486 1579337 8464 8459 2841271 1329799 32561 8457 32524 32523 1338369 8287 117571 117570 7776 7742 89593 7711 33511 33213 6072 33208 33154 2759 131567 
4	|	2844
1	|	3303	|	Zamia	|	3303 3298 3297 1445963 3296 1437180 58024 78536 58023 3193 131221 35493 33090 2759 131567 
1	|	46449	|	Cloning vector pAM120	|	46449 29278 81077 28384 2787854 
4	|	25783
4	|	25998
1	|	46836	|	Pinus palustris	|	46836 139271 3337 3318 1446380 2821352 3313 58019 1437180 58024 78536 58023 3193 131221 35493 33090 2759 131567 
1	|	44055	|	Aureococcus	|	44055 54409 35675 2696291 33634 2698737 2759 131567 
4	|	45997
1	|	44441	|	Strongyloides fuelleborni	|	44441 6247 6246 2082224 2082223 6300 6236 119089 6231 1206794 33317 33213 6072 33208 33154 2759 131567 
1	|	44883	|	unidentified soil organism R6-108	|	44883 44770 151659 12908 2787823 
1	|	46847	|	unidentified eubacterium clone EH-3	|	46847 50423 1236 1224 2 131567 
1	|	45039	|	Pyxidiophoraceae	|	45039 451880 189477 715989 716546 147538 716545 4890 451864 4751 33154 2759 131567 
1	|	44348	|	Diphoropria sp.	|	44348 2634161 44347 162244 44343 3042107 1955251 7400 7399 33392 33340 7496 85512 50557 6960 197562 197563 6656 88770 1206794 33317 33213 6072 33208 33154 2759 131567 
1	|	44754	|	Fervidobacterium gondwanense	|	44754 2422 1643950 2419 188708 200918 2 131567 
4	|	25781
1	|	44139	|	Thauera aromatica K172	|	44139 59405 33057 2008794 206389 28216 1224 2 131567 
1	|	2785	|	Neopyropia tenera	|	2785 2853170 31345 29216 2797 2763 2759 131567 
1	|	9629	|	Vulpes corsac	|	9629 9625 9608 379584 33554 314145 1437010 9347 32525 40674 32524 32523 1338369 8287 117571 117570 7776 7742 89593 7711 33511 33213 6072 33208 33154 2759 131567 
1	|	43964	|	Endomyces scopularum	|	43964 44279 107573 4892 4891 147537 716545 4890 451864 4751 33154 2759 131567 
1	|	47407	|	venustum group	|	47407 47389 7191 44570 43813 7190 41828 43786 7148 7147 33392 33340 7496 85512 50557 6960 197562 197563 6656 88770 1206794 33317 33213 6072 33208 33154 2759 131567 
1	|	3723	|	Matthiola	|	3723 947475 3700 3699 91836 71275 1437201 91827 71240 1437183 3398 58024 78536 58023 3193 131221 35493 33090 2759 131567 
1	|	46052	|	Bartsia alpina	|	46052 46051 216772 91896 4143 91888 71274 1437201 91827 71240 1437183 3398 58024 78536 58023 3193 131221 35493 33090 2759 131567 
1	|	43393	|	Paragastrozona	|	43393 164861 164860 7211 43752 43741 43738 480117 480118 43733 7203 7147 33392 33340 7496 85512 50557 6960 197562 197563 6656 88770 1206794 33317 33213 6072 33208 33154 2759 131567 
1	|	1688	|	Bifidobacterium cuniculi	|	1688 1678 31953 85004 1760 201174 1783272 2 131567 
1	|	46006	|	Nacobbinae	|	46006 45926 33284 33283 6300 6236 119089 6231 1206794 33317 33213 6072 33208 33154 2759 131567 
1	|	46125	|	Abiotrophia defectiva	|	46125 46123 186827 186826 91061 1239 1783272 2 131567 
1	|	44886	|	unidentified soil organism R6-111	|	44886 44770 151659 12908 2787823 
1	|	45570	|	[Candida] naeodendra	|	45570 766765 766764 2916678 4892 4891 147537 716545 4890 451864 4751 33154 2759 131567 
1	|	45116	|	Oikomonas mutabilis	|	45116 45115 45114 96792 2825 2696291 33634 2698737 2759 131567 
1	|	45324	|	Bombax	|	45324 214929 3629 41938 91836 71275 1437201 91827 71240 1437183 3398 58024 78536 58023 3193 131221 35493 33090 2759 131567 
4	|	25769
4	|	25543
1	|	50231	|	Arisaema sp. MD	|	50231 2641030 50230 293507 284555 4454 16360 4447 1437183 3398 58024 78536 58023 3193 131221 35493 33090 2759 131567 
4	|	46801
1	|	44828	|	unidentified soil organism R6-53	|	44828 44770 151659 12908 2787823 
1	|	50192	|	Sonchus arvensis	|	50192 50190 745063 219121 219120 4210 4209 91882 71274 1437201 91827 71240 1437183 3398 58024 78536 58023 3193 131221 35493 33090 2759 131567 
4	|	25900
4	|	25786
1	|	46032	|	Veronica arvensis	|	46032 1461659 4173 216795 156152 4143 91888 71274 1437201 91827 71240 1437183 3398 58024 78536 58023 3193 131221 35493 33090 2759 131567 
2	|	44167	|	Hexacorallia	|	6102 6101 6073 6072 33208 33154 2759 131567 
1	|	45948	|	Corbicula	|	45948 1176409 1176408 6580 2908833 2785015 735337 6599 2785011 6544 6447 1206795 2697495 33317 33213 6072 33208 33154 2759 131567 
1	|	43853	|	Toxicodendron radicans	|	43853 43852 4011 41937 91836 71275 1437201 91827 71240 1437183 3398 58024 78536 58023 3193 131221 35493 33090 2759 131567 
1	|	44437	|	Botrydium	|	44437 314013 195995 2833 569578 2696291 33634 2698737 2759 131567 
1	|	44347	|	Diphoropria	|	44347 162244 44343 3042107 1955251 7400 7399 33392 33340 7496 85512 50557 6960 197562 197563 6656 88770 1206794 33317 33213 6072 33208 33154 2759 131567 
1	|	46375	|	Bowlesia	|	46375 241777 4037 364270 4036 91882 71274 1437201 91827 71240 1437183 3398 58024 78536 58023 3193 131221 35493 33090 2759 131567 
1	|	8899	|	Ardeidae	|	8899 9205 8825 8782 436492 436491 436489 436486 8492 1329799 32561 8457 32524 32523 1338369 8287 117571 117570 7776 7742 89593 7711 33511 33213 6072 33208 33154 2759 131567 
1	|	46846	|	unidentified eubacterium clone EH-20	|	46846 47925 28211 1224 2 131567 
4	|	24412
1	|	5610	|	Fellomyces penicillatus	|	5610 5607 1910893 5234 155616 5302 5204 451864 4751 33154 2759 131567 
4	|	25992
1	|	2805	|	Polysiphonia boldii	|	2805 2804 2008651 2803 2802 2045261 2806 2763 2759 131567 
4	|	4
4	|	25548
1	|	43279	|	Ischyropsalididae	|	43279 101157 43278 101165 43271 6854 6843 6656 88770 1206794 33317 33213 6072 33208 33154 2759 131567 
1	|	45984	|	Arianta	|	45984 6533 87862 216366 6527 120490 977775 216307 216305 6448 6447 1206795 2697495 33317 33213 6072 33208 33154 2759 131567 
2	|	43865	|	Dacini	|	43871 164860 7211 43752 43741 43738 480117 480118 43733 7203 7147 33392 33340 7496 85512 50557 6960 197562 197563 6656 88770 1206794 33317 33213 6072 33208 33154 2759 131567 
1	|	46601	|	Polydora ciliata	|	46601 46600 46599 46589 105391 105389 6341 6340 1206795 2697495 33317 33213 6072 33208 33154 2759 131567 
4	|	25822
1	|	44433	|	Monodus	|	44433 195996 195993 2833 569578 2696291 33634 2698737 2759 131567 
4	|	43905
2	|	45911	|	Kalmia	|	45894 217045 217035 4345 41945 71274 1437201 91827 71240 1437183 3398 58024 78536 58023 3193 131221 35493 33090 2759 131567 
1	|	46791	|	Drosophila sucinea	|	46791 32366 32365 32341 7215 46877 43845 7214 43746 43741 43738 480117 480118 43733 7203 7147 33392 33340 7496 85512 50557 6960 197562 197563 6656 88770 1206794 33317 33213 6072 33208 33154 2759 131567 
1	|	46587	|	Chesneya dshungarica	|	46587 46586 1819629 2233839 2233838 2231382 2231393 3814 3803 72025 91835 71275 1437201 91827 71240 1437183 3398 58024 78536 58023 3193 131221 35493 33090 2759 131567 
1	|	47401	|	nobile group	|	47401 47389 7191 44570 43813 7190 41828 43786 7148 7147 33392 33340 7496 85512 50557 6960 197562 197563 6656 88770 1206794 33317 33213 6072 33208 33154 2759 131567 
1	|	43179	|	Ictidomys tridecemlineatus	|	43179 1141640 337730 337726 55153 33553 9989 314147 314146 1437010 9347 32525 40674 32524 32523 1338369 8287 117571 117570 7776 7742 89593 7711 33511 33213 6072 33208 33154 2759 131567 
2	|	44182	|	Coralliidae	|	44185 3028851 6132 6101 6073 6072 33208 33154 2759 131567 
1	|	45857	|	Cloning vector pGL3-Basic	|	45857 45778 29278 81077 28384 2787854 
1	|	8863	|	Coscoroba coscoroba	|	8863 8862 2068722 8830 8826 1549675 8825 8782 436492 436491 436489 436486 8492 1329799 32561 8457 32524 32523 1338369 8287 117571 117570 7776 7742 89593 7711 33511 33213 6072 33208 33154 2759 131567 
1	|	43280	|	Ischyropsalis	|	43280 43279 101157 43278 101165 43271 6854 6843 6656 88770 1206794 33317 33213 6072 33208 33154 2759 131567 
1	|	46825	|	Scaptomyza adusta	|	46825 46998 44038 7298 46877 43845 7214 43746 43741 43738 480117 480118 43733 7203 7147 33392 33340 7496 85512 50557 6960 197562 197563 6656 88770 1206794 33317 33213 6072 33208 33154 2759 131567 
1	|	45752	|	Littorina sitkana	|	45752 31213 31212 69679 216294 69555 6448 6447 1206795 2697495 33317 33213 6072 33208 33154 2759 131567 
1	|	46061	|	Hemimeris	|	46061 216808 4149 4143 91888 71274 1437201 91827 71240 1437183 3398 58024 78536 58023 3193 131221 35493 33090 2759 131567 
1	|	50045	|	Spongiochloris spongiosa	|	50045 42803 2491658 2491657 3166 2692248 3041 33090 2759 131567 
2	|	46170	|	Staphylococcus aureus	|	1280 1279 90964 1385 91061 1239 1783272 2 131567 
1	|	43271	|	Opiliones	|	43271 6854 6843 6656 88770 1206794 33317 33213 6072 33208 33154 2759 131567 
1	|	46121	|	Petrorhagia saxifraga	|	46121 46120 1141493 3568 3524 1437201 91827 71240 1437183 3398 58024 78536 58023 3193 131221 35493 33090 2759 131567 
1	|	44308	|	undescribed antipatharian	|	44308 44307 44168 6102 6101 6073 6072 33208 33154 2759 131567 
1	|	46813	|	Drosophila ornata	|	46813 32377 48299 48384 504493 7215 46877 43845 7214 43746 43741 43738 480117 480118 43733 7203 7147 33392 33340 7496 85512 50557 6960 197562 197563 6656 88770 1206794 33317 33213 6072 33208 33154 2759 131567 
1	|	9733	|	Orcinus orca	|	9733 9732 9726 9722 9721 2653789 91561 314145 1437010 9347 32525 40674 32524 32523 1338369 8287 117571 117570 7776 7742 89593 7711 33511 33213 6072 33208 33154 2759 131567 
1	|	44098	|	Haloarcula sp.	|	44098 2624677 2237 1963268 2235 183963 2290931 28890 2157 131567 
4	|	50175
1	|	46735	|	Pectinia alcicornis	|	46735 46734 46736 123760 6125 6102 6101 6073 6072 33208 33154 2759 131567 
1	|	3709	|	Brassica napus subsp. rapifera	|	3709 3708 3705 981071 3700 3699 91836 71275 1437201 91827 71240 1437183 3398 58024 78536 58023 3193 131221 35493 33090 2759 131567 
1	|	44122	|	Cloning vector pOR262	|	44122 29278 81077 28384 2787854 
1	|	47356	|	Gomphostilbia	|	47356 7191 44570 43813 7190 41828 43786 7148 7147 33392 33340 7496 85512 50557 6960 197562 197563 6656 88770 1206794 33317 33213 6072 33208 33154 2759 131567 
1	|	50251	|	Sitta europaea	|	50251 50248 50247 9126 8825 8782 436492 436491 436489 436486 8492 1329799 32561 8457 32524 32523 1338369 8287 117571 117570 7776 7742 89593 7711 33511 33213 6072 33208 33154 2759 131567 
1	|	44175	|	hormathiid anemone strain VenAnem2294-2	|	44175 44174 42824 86626 6103 6102 6101 6073 6072 33208 33154 2759 131567 
1	|	44013	|	Polynucleobacter	|	44013 119060 80840 28216 1224 2 131567 
1	|	46049	|	Hyobanche sanguinea	|	46049 46048 216769 91896 4143 91888 71274 1437201 91827 71240 1437183 3398 58024 78536 58023 3193 131221 35493 33090 2759 131567 
1	|	46033	|	Pedicularis foliosa	|	46033 43174 1325730 91896 4143 91888 71274 1437201 91827 71240 1437183 3398 58024 78536 58023 3193 131221 35493 33090 2759 131567 
1	|	1859	|	Frankia alni	|	1859 1854 74712 85013 1760 201174 1783272 2 131567 
1	|	44882	|	unidentified soil organism R6-107	|	44882 44770 151659 12908 2787823 
4	|	26617
4	|	25764
1	|	44006	|	Cloning vector pTriplEx	|	44006 29278 81077 28384 2787854 
1	|	46363	|	Anginon	|	46363 1589825 241786 241778 4037 364270 4036 91882 71274 1437201 91827 71240 1437183 3398 58024 78536 58023 3193 131221 35493 33090 2759 131567 
1	|	43299	|	Gnidia holmbergi	|	43299 43298 43297 101155 3053344 43288 101165 43271 6854 6843 6656 88770 1206794 33317 33213 6072 33208 33154 2759 131567 
1	|	44142	|	Tropidurus hispidus	|	44142 43642 42424 8515 8511 1329911 1329912 1329950 1329961 8509 8504 32561 8457 32524 32523 1338369 8287 117571 117570 7776 7742 89593 7711 33511 33213 6072 33208 33154 2759 131567 
1	|	6202	|	Taenia	|	6202 6208 6201 6200 6199 6157 1206795 2697495 33317 33213 6072 33208 33154 2759 131567 
1	|	1673	|	Rhizobium viscosum	|	1673 379 227290 82115 356 28211 1224 2 131567 
1	|	46769	|	Cenarchaeum	|	46769 205957 205948 651137 1783275 2157 131567 
1	|	44391	|	Zonotrichia capensis	|	44391 44387 1729112 9126 8825 8782 436492 436491 436489 436486 8492 1329799 32561 8457 32524 32523 1338369 8287 117571 117570 7776 7742 89593 7711 33511 33213 6072 33208 33154 2759 131567 
1	|	44898	|	unidentified soil organism R6-122	|	44898 44770 151659 12908 2787823 
1	|	44150	|	Oplurus quadrimaculatus	|	44150 43603 43602 8515 8511 1329911 1329912 1329950 1329961 8509 8504 32561 8457 32524 32523 1338369 8287 117571 117570 7776 7742 89593 7711 33511 33213 6072 33208 33154 2759 131567 
1	|	47263	|	Geniculifera cystosporia	|	47263 47262 129384 4890 451864 4751 33154 2759 131567 
1	|	46792	|	Drosophila insularis	|	46792 32367 32365 32341 7215 46877 43845 7214 43746 43741 43738 480117 480118 43733 7203 7147 33392 33340 7496 85512 50557 6960 197562 197563 6656 88770 1206794 33317 33213 6072 33208 33154 2759 131567 
1	|	3711	|	Brassica rapa	|	3711 3705 981071 3700 3699 91836 71275 1437201 91827 71240 1437183 3398 58024 78536 58023 3193 131221 35493 33090 2759 131567 
2	|	45295	|	Ophiosphaerella herpotricha	|	33175 33174 5020 715340 92860 451868 147541 715962 716546 147538 716545 4890 451864 4751 33154 2759 131567 
1	|	44363	|	Conostigmus sp.	|	44363 2643124 44362 44361 44357 7400 7399 33392 33340 7496 85512 50557 6960 197562 197563 6656 88770 1206794 33317 33213 6072 33208 33154 2759 131567 
1	|	9727	|	Delphinus	|	9727 9726 9722 9721 2653789 91561 314145 1437010 9347 32525 40674 32524 32523 1338369 8287 117571 117570 7776 7742 89593 7711 33511 33213 6072 33208 33154 2759 131567 
2	|	46016	|	Punavirus P1	|	10678 186789 2731619 2731618 2731360 2731341 10239 
2	|	46430	|	Sphingobium chlorophenolicum	|	46429 165695 41297 204457 28211 1224 2 131567 
1	|	46794	|	Drosophila tropicalis	|	46794 32367 32365 32341 7215 46877 43845 7214 43746 43741 43738 480117 480118 43733 7203 7147 33392 33340 7496 85512 50557 6960 197562 197563 6656 88770 1206794 33317 33213 6072 33208 33154 2759 131567 
1	|	47188	|	Cheilymenia	|	47188 110846 5185 147549 147538 716545 4890 451864 4751 33154 2759 131567 
1	|	46767	|	Blastocystis sp.	|	46767 205004 12967 2547934 42740 2683629 2683628 33634 2698737 2759 131567 
1	|	46172	|	Nonomuraea angiospora	|	46172 83681 2004 85012 1760 201174 1783272 2 131567 
1	|	1672	|	Arthrobacter ramosus	|	1672 1663 1268 85006 1760 201174 1783272 2 131567 
1	|	46220	|	Taxus brevifolia	|	46220 25628 25623 1446379 2821351 3313 58019 1437180 58024 78536 58023 3193 131221 35493 33090 2759 131567 
1	|	44056	|	Aureococcus anophagefferens	|	44056 44055 54409 35675 2696291 33634 2698737 2759 131567 
1	|	43215	|	Ramularia endophylla	|	43215 112497 93133 2726947 451867 147541 715962 716546 147538 716545 4890 451864 4751 33154 2759 131567 
4	|	25752
1	|	45932	|	unidentified oil field bacterium DVIB149	|	45932 34033 28221 68525 2 131567 
2	|	44125	|	Human adenovirus 7	|	10519 108098 10509 10508 2732559 2732529 2732008 2732005 2732004 10239 
1	|	25782	|	Cleome	|	25782 301454 3699 91836 71275 1437201 91827 71240 1437183 3398 58024 78536 58023 3193 131221 35493 33090 2759 131567 
1	|	45753	|	Littorina squalida	|	45753 31213 31212 69679 216294 69555 6448 6447 1206795 2697495 33317 33213 6072 33208 33154 2759 131567 
1	|	46790	|	Drosophila equinoxialis	|	46790 32367 32365 32341 7215 46877 43845 7214 43746 43741 43738 480117 480118 43733 7203 7147 33392 33340 7496 85512 50557 6960 197562 197563 6656 88770 1206794 33317 33213 6072 33208 33154 2759 131567 
1	|	44004	|	procnemis group	|	44004 7292 1861795 43845 7214 43746 43741 43738 480117 480118 43733 7203 7147 33392 33340 7496 85512 50557 6960 197562 197563 6656 88770 1206794 33317 33213 6072 33208 33154 2759 131567 
1	|	45106	|	Heteromita	|	45106 45105 188941 136419 543769 2698737 2759 131567 
1	|	50040	|	Bracteacoccus grandis	|	50040 50036 1284389 35491 2812636 3166 2692248 3041 33090 2759 131567 
1	|	1386	|	Bacillus	|	1386 186817 1385 91061 1239 1783272 2 131567 
1	|	43267	|	Schizomida	|	43267 6854 6843 6656 88770 1206794 33317 33213 6072 33208 33154 2759 131567 
1	|	46081	|	Bigerina	|	46081 29192 203421 203420 196922 29178 2662056 543769 2698737 2759 131567 
1	|	46829	|	Drosophila birchii	|	46829 446045 32352 32346 32341 7215 46877 43845 7214 43746 43741 43738 480117 480118 43733 7203 7147 33392 33340 7496 85512 50557 6960 197562 197563 6656 88770 1206794 33317 33213 6072 33208 33154 2759 131567 
1	|	43857	|	Tapirira	|	43857 4011 41937 91836 71275 1437201 91827 71240 1437183 3398 58024 78536 58023 3193 131221 35493 33090 2759 131567 
1	|	44470	|	Natronococcus amylolyticus	|	44470 29287 1644061 1644060 183963 2290931 28890 2157 131567 
1	|	44068	|	Blastobotrys capitulatus	|	44068 43971 410830 4892 4891 147537 716545 4890 451864 4751 33154 2759 131567 
1	|	44311	|	Edwardsellum	|	44311 7191 44570 43813 7190 41828 43786 7148 7147 33392 33340 7496 85512 50557 6960 197562 197563 6656 88770 1206794 33317 33213 6072 33208 33154 2759 131567 
1	|	44343	|	Diapriidae	|	44343 3042107 1955251 7400 7399 33392 33340 7496 85512 50557 6960 197562 197563 6656 88770 1206794 33317 33213 6072 33208 33154 2759 131567 
1	|	43265	|	Cordyceps javanica	|	43265 45234 474943 5125 222543 147550 715989 716546 147538 716545 4890 451864 4751 33154 2759 131567 
4	|	25758
1	|	8770	|	Tropidolaemus wagleri	|	8770 42184 8710 8689 34989 8570 1329911 1329912 1329950 1329961 8509 8504 32561 8457 32524 32523 1338369 8287 117571 117570 7776 7742 89593 7711 33511 33213 6072 33208 33154 2759 131567 
1	|	47174	|	unidentified symbiotic dinoflagellate from Spongostaurus sp.	|	47174 47170 2864 33630 2698737 2759 131567 
1	|	44044	|	tuberculatus subgroup	|	44044 44042 44040 7296 46877 43845 7214 43746 43741 43738 480117 480118 43733 7203 7147 33392 33340 7496 85512 50557 6960 197562 197563 6656 88770 1206794 33317 33213 6072 33208 33154 2759 131567 
4	|	25768
1	|	3710	|	Brassica nigra	|	3710 3705 981071 3700 3699 91836 71275 1437201 91827 71240 1437183 3398 58024 78536 58023 3193 131221 35493 33090 2759 131567 
1	|	9097	|	Crossoptilon mantchuricum	|	9097 9095 9072 9005 8976 1549675 8825 8782 436492 436491 436489 436486 8492 1329799 32561 8457 32524 32523 1338369 8287 117571 117570 7776 7742 89593 7711 33511 33213 6072 33208 33154 2759 131567 
1	|	46237	|	Nitella cristata	|	46237 3148 3146 204509 304574 131221 35493 33090 2759 131567 
1	|	43416	|	Rhagoletis cingulata	|	43416 28609 164882 43901 43867 7211 43752 43741 43738 480117 480118 43733 7203 7147 33392 33340 7496 85512 50557 6960 197562 197563 6656 88770 1206794 33317 33213 6072 33208 33154 2759 131567 
1	|	44430	|	Pseudocharaciopsis minuta	|	44430 44429 425073 425074 5747 2696291 33634 2698737 2759 131567 
1	|	43962	|	Dipodascus armillariae	|	43962 27314 34353 4892 4891 147537 716545 4890 451864 4751 33154 2759 131567 
1	|	46075	|	Artichoke Italian latent virus	|	46075 3047379 12270 675075 675072 464095 2732506 2732408 2732396 2559587 10239 
1	|	46078	|	Astrammina rara	|	46078 46077 1505960 29178 2662056 543769 2698737 2759 131567 
1	|	1800	|	Mycolicibacterium chubuense	|	1800 1866885 1762 85007 1760 201174 1783272 2 131567 
1	|	3799	|	Micranthes integrifolia	|	3799 759618 3032187 3792 41946 1437201 91827 71240 1437183 3398 58024 78536 58023 3193 131221 35493 33090 2759 131567 
1	|	45878	|	unidentified oil field bacterium DVIB77	|	45878 34033 28221 68525 2 131567 
1	|	43952	|	Zygnema peliosporum	|	43952 43951 3178 3176 2684882 131209 131221 35493 33090 2759 131567 
4	|	25901
1	|	46079	|	Astrorhiza	|	46079 46116 46109 1505960 29178 2662056 543769 2698737 2759 131567 
1	|	44431	|	Vischeria	|	44431 2974601 425074 5747 2696291 33634 2698737 2759 131567 
1	|	44135	|	rhinovirus A65	|	44135 147711 12059 2946630 12058 464095 2732506 2732408 2732396 2559587 10239 
1	|	2421	|	Thermosipho africanus	|	2421 2420 1643950 2419 188708 200918 2 131567 
1	|	1388	|	Alicyclobacillus acidocaldarius subsp. acidocaldarius	|	1388 405212 29330 186823 1385 91061 1239 1783272 2 131567 
1	|	46611	|	Abies grandis	|	46611 3319 3318 1446380 2821352 3313 58019 1437180 58024 78536 58023 3193 131221 35493 33090 2759 131567 
1	|	3786	|	Pachyphytum	|	3786 3781 41946 1437201 91827 71240 1437183 3398 58024 78536 58023 3193 131221 35493 33090 2759 131567 
1	|	50043	|	Ascochloris	|	50043 132191 35491 2812636 3166 2692248 3041 33090 2759 131567 
1	|	46221	|	Porcine circovirus	|	46221 345249 39725 39724 2732536 2732423 2732416 2732092 2731342 10239 
1	|	1422	|	Geobacillus stearothermophilus	|	1422 129337 186817 1385 91061 1239 1783272 2 131567 
2	|	45909	|	Phyllodoce nipponica	|	49156 45908 217045 217035 4345 41945 71274 1437201 91827 71240 1437183 3398 58024 78536 58023 3193 131221 35493 33090 2759 131567 
1	|	2164	|	Methanobacterium sp.	|	2164 2627676 2160 2159 2158 183925 2283794 28890 2157 131567 
1	|	46180	|	Nonomuraea rubra	|	46180 83681 2004 85012 1760 201174 1783272 2 131567 
1	|	45972	|	Staphylococcus pasteuri	|	45972 1279 90964 1385 91061 1239 1783272 2 131567 
